&general
    kd = Si
    mode = optimize
    nat = 64
    nkd = 1
    prefix = Si2
/
&interaction
    norder = 2
/
&cell
   20.6612338801693
    1.0000000000000    0.0000000000000    0.0000000000000
    0.0000000000000    1.0000000000000    0.0000000000000
    0.0000000000000    0.0000000000000    1.0000000000000
/
&cutoff
    Si-Si None None 
/
&optimize
    dfset = dfset.txt
/
&position
   1     0.0000000000000    0.0000000000000    0.0000000000000
   1     0.0000000000000    0.2500000000000    0.2500000000000
   1     0.2500000000000    0.0000000000000    0.2500000000000
   1     0.2500000000000    0.2500000000000    0.0000000000000
   1     0.1250000000000    0.3750000000000    0.3750000000000
   1     0.3750000000000    0.1250000000000    0.3750000000000
   1     0.3750000000000    0.3750000000000    0.1250000000000
   1     0.1250000000000    0.1250000000000    0.1250000000000
   1     0.0000000000000    0.0000000000000    0.5000000000000
   1     0.0000000000000    0.2500000000000    0.7500000000000
   1     0.2500000000000    0.0000000000000    0.7500000000000
   1     0.2500000000000    0.2500000000000    0.5000000000000
   1     0.1250000000000    0.3750000000000    0.8750000000000
   1     0.3750000000000    0.1250000000000    0.8750000000000
   1     0.3750000000000    0.3750000000000    0.6250000000000
   1     0.1250000000000    0.1250000000000    0.6250000000000
   1     0.0000000000000    0.5000000000000    0.0000000000000
   1     0.0000000000000    0.7500000000000    0.2500000000000
   1     0.2500000000000    0.5000000000000    0.2500000000000
   1     0.2500000000000    0.7500000000000    0.0000000000000
   1     0.1250000000000    0.8750000000000    0.3750000000000
   1     0.3750000000000    0.6250000000000    0.3750000000000
   1     0.3750000000000    0.8750000000000    0.1250000000000
   1     0.1250000000000    0.6250000000000    0.1250000000000
   1     0.0000000000000    0.5000000000000    0.5000000000000
   1     0.0000000000000    0.7500000000000    0.7500000000000
   1     0.2500000000000    0.5000000000000    0.7500000000000
   1     0.2500000000000    0.7500000000000    0.5000000000000
   1     0.1250000000000    0.8750000000000    0.8750000000000
   1     0.3750000000000    0.6250000000000    0.8750000000000
   1     0.3750000000000    0.8750000000000    0.6250000000000
   1     0.1250000000000    0.6250000000000    0.6250000000000
   1     0.5000000000000    0.0000000000000    0.0000000000000
   1     0.5000000000000    0.2500000000000    0.2500000000000
   1     0.7500000000000    0.0000000000000    0.2500000000000
   1     0.7500000000000    0.2500000000000    0.0000000000000
   1     0.6250000000000    0.3750000000000    0.3750000000000
   1     0.8750000000000    0.1250000000000    0.3750000000000
   1     0.8750000000000    0.3750000000000    0.1250000000000
   1     0.6250000000000    0.1250000000000    0.1250000000000
   1     0.5000000000000    0.0000000000000    0.5000000000000
   1     0.5000000000000    0.2500000000000    0.7500000000000
   1     0.7500000000000    0.0000000000000    0.7500000000000
   1     0.7500000000000    0.2500000000000    0.5000000000000
   1     0.6250000000000    0.3750000000000    0.8750000000000
   1     0.8750000000000    0.1250000000000    0.8750000000000
   1     0.8750000000000    0.3750000000000    0.6250000000000
   1     0.6250000000000    0.1250000000000    0.6250000000000
   1     0.5000000000000    0.5000000000000    0.0000000000000
   1     0.5000000000000    0.7500000000000    0.2500000000000
   1     0.7500000000000    0.5000000000000    0.2500000000000
   1     0.7500000000000    0.7500000000000    0.0000000000000
   1     0.6250000000000    0.8750000000000    0.3750000000000
   1     0.8750000000000    0.6250000000000    0.3750000000000
   1     0.8750000000000    0.8750000000000    0.1250000000000
   1     0.6250000000000    0.6250000000000    0.1250000000000
   1     0.5000000000000    0.5000000000000    0.5000000000000
   1     0.5000000000000    0.7500000000000    0.7500000000000
   1     0.7500000000000    0.5000000000000    0.7500000000000
   1     0.7500000000000    0.7500000000000    0.5000000000000
   1     0.6250000000000    0.8750000000000    0.8750000000000
   1     0.8750000000000    0.6250000000000    0.8750000000000
   1     0.8750000000000    0.8750000000000    0.6250000000000
   1     0.6250000000000    0.6250000000000    0.6250000000000
/
