&general
    borninfo = BORNINFO
    fcsxml = ../force/NaCl.xml
    kd = Na Cl
    mode = phonons
    nkd = 2
    nonanalytic = 2
    prefix = NaCl
    tolerance = 1.8897259886e-05
/
&scph
/
&qha
/
&relax
/
&cell
    1.0000000000000
    0.0000000000000    5.2931239898452    5.2931239898452
    5.2931239898452    0.0000000000000    5.2931239898452
    5.2931239898452    5.2931239898452    0.0000000000000
/
&kpoint
    0
       0.5000000000000        0.0000000000000        0.0000000000000 
       0.7500000000000        0.2500000000000        0.0000000000000 
       0.7500000000000        0.0000000000000        0.2500000000000 
       0.0000000000000        0.0000000000000        0.0000000000000 
       0.2500000000000        0.2500000000000        0.0000000000000 
       0.5000000000000        0.5000000000000        0.0000000000000 
       0.7500000000000        0.7500000000000        0.0000000000000 
       0.2500000000000        0.0000000000000        0.2500000000000 
       0.5000000000000        0.2500000000000        0.2500000000000 
       0.7500000000000        0.5000000000000        0.2500000000000 
       0.5000000000000        0.0000000000000        0.5000000000000 
       0.7500000000000        0.2500000000000        0.5000000000000 
       0.7500000000000        0.0000000000000        0.7500000000000 
       0.0000000000000        0.5000000000000        0.0000000000000 
       0.2500000000000        0.7500000000000        0.0000000000000 
       0.0000000000000        0.2500000000000        0.2500000000000 
       0.2500000000000        0.5000000000000        0.2500000000000 
       0.5000000000000        0.7500000000000        0.2500000000000 
       0.0000000000000        0.0000000000000        0.5000000000000 
       0.2500000000000        0.2500000000000        0.5000000000000 
       0.5000000000000        0.5000000000000        0.5000000000000 
       0.7500000000000        0.7500000000000        0.5000000000000 
       0.2500000000000        0.0000000000000        0.7500000000000 
       0.5000000000000        0.2500000000000        0.7500000000000 
       0.7500000000000        0.5000000000000        0.7500000000000 
       0.0000000000000        0.7500000000000        0.2500000000000 
       0.0000000000000        0.5000000000000        0.5000000000000 
       0.2500000000000        0.7500000000000        0.5000000000000 
       0.0000000000000        0.2500000000000        0.7500000000000 
       0.2500000000000        0.5000000000000        0.7500000000000 
       0.5000000000000        0.7500000000000        0.7500000000000 
       0.0000000000000        0.7500000000000        0.7500000000000 
/
&analysis
    printevec = 1
/
