&general
 PREFIX = Si
 MODE = suggest
 NAT = 64
 NKD = 1
 KD =  Si
/

&interaction
 NORDER = 1
/

&cell
 1.000000
   20.6612338802    0.0000000000    0.0000000000
    0.0000000000   20.6612338802    0.0000000000
    0.0000000000    0.0000000000   20.6612338802
/

&cutoff
  Si-Si None
/

&position
 1    0.0000000000000    0.0000000000000    0.0000000000000
 1    0.0000000000000    0.2500000000000    0.2500000000000
 1    0.2500000000000    0.0000000000000    0.2500000000000
 1    0.2500000000000    0.2500000000000    0.0000000000000
 1    0.1250000000000    0.3750000000000    0.3750000000000
 1    0.3750000000000    0.1250000000000    0.3750000000000
 1    0.3750000000000    0.3750000000000    0.1250000000000
 1    0.1250000000000    0.1250000000000    0.1250000000000
 1    0.0000000000000    0.0000000000000    0.5000000000000
 1    0.0000000000000    0.2500000000000    0.7500000000000
 1    0.2500000000000    0.0000000000000    0.7500000000000
 1    0.2500000000000    0.2500000000000    0.5000000000000
 1    0.1250000000000    0.3750000000000    0.8750000000000
 1    0.3750000000000    0.1250000000000    0.8750000000000
 1    0.3750000000000    0.3750000000000    0.6250000000000
 1    0.1250000000000    0.1250000000000    0.6250000000000
 1    0.0000000000000    0.5000000000000    0.0000000000000
 1    0.0000000000000    0.7500000000000    0.2500000000000
 1    0.2500000000000    0.5000000000000    0.2500000000000
 1    0.2500000000000    0.7500000000000    0.0000000000000
 1    0.1250000000000    0.8750000000000    0.3750000000000
 1    0.3750000000000    0.6250000000000    0.3750000000000
 1    0.3750000000000    0.8750000000000    0.1250000000000
 1    0.1250000000000    0.6250000000000    0.1250000000000
 1    0.0000000000000    0.5000000000000    0.5000000000000
 1    0.0000000000000    0.7500000000000    0.7500000000000
 1    0.2500000000000    0.5000000000000    0.7500000000000
 1    0.2500000000000    0.7500000000000    0.5000000000000
 1    0.1250000000000    0.8750000000000    0.8750000000000
 1    0.3750000000000    0.6250000000000    0.8750000000000
 1    0.3750000000000    0.8750000000000    0.6250000000000
 1    0.1250000000000    0.6250000000000    0.6250000000000
 1    0.5000000000000    0.0000000000000    0.0000000000000
 1    0.5000000000000    0.2500000000000    0.2500000000000
 1    0.7500000000000    0.0000000000000    0.2500000000000
 1    0.7500000000000    0.2500000000000    0.0000000000000
 1    0.6250000000000    0.3750000000000    0.3750000000000
 1    0.8750000000000    0.1250000000000    0.3750000000000
 1    0.8750000000000    0.3750000000000    0.1250000000000
 1    0.6250000000000    0.1250000000000    0.1250000000000
 1    0.5000000000000    0.0000000000000    0.5000000000000
 1    0.5000000000000    0.2500000000000    0.7500000000000
 1    0.7500000000000    0.0000000000000    0.7500000000000
 1    0.7500000000000    0.2500000000000    0.5000000000000
 1    0.6250000000000    0.3750000000000    0.8750000000000
 1    0.8750000000000    0.1250000000000    0.8750000000000
 1    0.8750000000000    0.3750000000000    0.6250000000000
 1    0.6250000000000    0.1250000000000    0.6250000000000
 1    0.5000000000000    0.5000000000000    0.0000000000000
 1    0.5000000000000    0.7500000000000    0.2500000000000
 1    0.7500000000000    0.5000000000000    0.2500000000000
 1    0.7500000000000    0.7500000000000    0.0000000000000
 1    0.6250000000000    0.8750000000000    0.3750000000000
 1    0.8750000000000    0.6250000000000    0.3750000000000
 1    0.8750000000000    0.8750000000000    0.1250000000000
 1    0.6250000000000    0.6250000000000    0.1250000000000
 1    0.5000000000000    0.5000000000000    0.5000000000000
 1    0.5000000000000    0.7500000000000    0.7500000000000
 1    0.7500000000000    0.5000000000000    0.7500000000000
 1    0.7500000000000    0.7500000000000    0.5000000000000
 1    0.6250000000000    0.8750000000000    0.8750000000000
 1    0.8750000000000    0.6250000000000    0.8750000000000
 1    0.8750000000000    0.8750000000000    0.6250000000000
 1    0.6250000000000    0.6250000000000    0.6250000000000
/
