&general
    borninfo = BORNINFO
    fcsxml = ../../result/FC2.xml
    kd = Si
    mode = phonons
    nkd = 1
    nonanalytic = 1
    prefix = Si
/
&cell
    1.0000000000000
    0.0000000000000    5.1349265028691    5.1349265028691
    5.1349265028691    0.0000000000000    5.1349265028691
    5.1349265028691    5.1349265028691    0.0000000000000
/
&kpoint
    0
       0.5000000000000        0.0000000000000        0.0000000000000 
       0.7500000000000        0.2500000000000        0.0000000000000 
       0.7500000000000        0.0000000000000        0.2500000000000 
       0.0000000000000        0.0000000000000        0.0000000000000 
       0.2500000000000        0.2500000000000        0.0000000000000 
       0.5000000000000        0.5000000000000        0.0000000000000 
       0.7500000000000        0.7500000000000        0.0000000000000 
       0.2500000000000        0.0000000000000        0.2500000000000 
       0.5000000000000        0.2500000000000        0.2500000000000 
       0.7500000000000        0.5000000000000        0.2500000000000 
       0.5000000000000        0.0000000000000        0.5000000000000 
       0.7500000000000        0.2500000000000        0.5000000000000 
       0.7500000000000        0.0000000000000        0.7500000000000 
       0.0000000000000        0.5000000000000        0.0000000000000 
       0.2500000000000        0.7500000000000        0.0000000000000 
       0.0000000000000        0.2500000000000        0.2500000000000 
       0.2500000000000        0.5000000000000        0.2500000000000 
       0.5000000000000        0.7500000000000        0.2500000000000 
       0.0000000000000        0.0000000000000        0.5000000000000 
       0.2500000000000        0.2500000000000        0.5000000000000 
       0.5000000000000        0.5000000000000        0.5000000000000 
       0.7500000000000        0.7500000000000        0.5000000000000 
       0.2500000000000        0.0000000000000        0.7500000000000 
       0.5000000000000        0.2500000000000        0.7500000000000 
       0.7500000000000        0.5000000000000        0.7500000000000 
       0.0000000000000        0.7500000000000        0.2500000000000 
       0.0000000000000        0.5000000000000        0.5000000000000 
       0.2500000000000        0.7500000000000        0.5000000000000 
       0.0000000000000        0.2500000000000        0.7500000000000 
       0.2500000000000        0.5000000000000        0.7500000000000 
       0.5000000000000        0.7500000000000        0.7500000000000 
       0.0000000000000        0.7500000000000        0.7500000000000 
/
&analysis
    printevec = 1
/
