&general
    kd = O K Ta
    mode = suggest
    nat = 135
    nkd = 3
    prefix = KTaO3
/
&interaction
    norder = 1
/
&cell
   22.6202615953114
    1.0000000000000    0.0000000000000    0.0000000000000
    0.0000000000000    1.0000000000000    0.0000000000000
    0.0000000000000    0.0000000000000    1.0000000000000
/
&cutoff
        O-O  None 
        O-K  None 
       O-Ta  None 
        K-K  None 
       K-Ta  None 
      Ta-Ta  None 
/
&optimize
/
&position
   1     0.0000000000000    0.1666666666667    0.0000000000000
   1     0.0000000000000    0.0000000000000    0.1666666666667
   1     0.1666666666667    0.0000000000000    0.0000000000000
   1     0.0000000000000    0.1666666666667    0.3333333333333
   1     0.0000000000000    0.0000000000000    0.5000000000000
   1     0.1666666666667    0.0000000000000    0.3333333333333
   1     0.0000000000000    0.1666666666667    0.6666666666667
   1     0.0000000000000    0.0000000000000    0.8333333333333
   1     0.1666666666667    0.0000000000000    0.6666666666667
   1     0.0000000000000    0.5000000000000    0.0000000000000
   1     0.0000000000000    0.3333333333333    0.1666666666667
   1     0.1666666666667    0.3333333333333    0.0000000000000
   1     0.0000000000000    0.5000000000000    0.3333333333333
   1     0.0000000000000    0.3333333333333    0.5000000000000
   1     0.1666666666667    0.3333333333333    0.3333333333333
   1     0.0000000000000    0.5000000000000    0.6666666666667
   1     0.0000000000000    0.3333333333333    0.8333333333333
   1     0.1666666666667    0.3333333333333    0.6666666666667
   1     0.0000000000000    0.8333333333333    0.0000000000000
   1     0.0000000000000    0.6666666666667    0.1666666666667
   1     0.1666666666667    0.6666666666667    0.0000000000000
   1     0.0000000000000    0.8333333333333    0.3333333333333
   1     0.0000000000000    0.6666666666667    0.5000000000000
   1     0.1666666666667    0.6666666666667    0.3333333333333
   1     0.0000000000000    0.8333333333333    0.6666666666667
   1     0.0000000000000    0.6666666666667    0.8333333333333
   1     0.1666666666667    0.6666666666667    0.6666666666667
   1     0.3333333333333    0.1666666666667    0.0000000000000
   1     0.3333333333333    0.0000000000000    0.1666666666667
   1     0.5000000000000    0.0000000000000    0.0000000000000
   1     0.3333333333333    0.1666666666667    0.3333333333333
   1     0.3333333333333    0.0000000000000    0.5000000000000
   1     0.5000000000000    0.0000000000000    0.3333333333333
   1     0.3333333333333    0.1666666666667    0.6666666666667
   1     0.3333333333333    0.0000000000000    0.8333333333333
   1     0.5000000000000    0.0000000000000    0.6666666666667
   1     0.3333333333333    0.5000000000000    0.0000000000000
   1     0.3333333333333    0.3333333333333    0.1666666666667
   1     0.5000000000000    0.3333333333333    0.0000000000000
   1     0.3333333333333    0.5000000000000    0.3333333333333
   1     0.3333333333333    0.3333333333333    0.5000000000000
   1     0.5000000000000    0.3333333333333    0.3333333333333
   1     0.3333333333333    0.5000000000000    0.6666666666667
   1     0.3333333333333    0.3333333333333    0.8333333333333
   1     0.5000000000000    0.3333333333333    0.6666666666667
   1     0.3333333333333    0.8333333333333    0.0000000000000
   1     0.3333333333333    0.6666666666667    0.1666666666667
   1     0.5000000000000    0.6666666666667    0.0000000000000
   1     0.3333333333333    0.8333333333333    0.3333333333333
   1     0.3333333333333    0.6666666666667    0.5000000000000
   1     0.5000000000000    0.6666666666667    0.3333333333333
   1     0.3333333333333    0.8333333333333    0.6666666666667
   1     0.3333333333333    0.6666666666667    0.8333333333333
   1     0.5000000000000    0.6666666666667    0.6666666666667
   1     0.6666666666667    0.1666666666667    0.0000000000000
   1     0.6666666666667    0.0000000000000    0.1666666666667
   1     0.8333333333333    0.0000000000000    0.0000000000000
   1     0.6666666666667    0.1666666666667    0.3333333333333
   1     0.6666666666667    0.0000000000000    0.5000000000000
   1     0.8333333333333    0.0000000000000    0.3333333333333
   1     0.6666666666667    0.1666666666667    0.6666666666667
   1     0.6666666666667    0.0000000000000    0.8333333333333
   1     0.8333333333333    0.0000000000000    0.6666666666667
   1     0.6666666666667    0.5000000000000    0.0000000000000
   1     0.6666666666667    0.3333333333333    0.1666666666667
   1     0.8333333333333    0.3333333333333    0.0000000000000
   1     0.6666666666667    0.5000000000000    0.3333333333333
   1     0.6666666666667    0.3333333333333    0.5000000000000
   1     0.8333333333333    0.3333333333333    0.3333333333333
   1     0.6666666666667    0.5000000000000    0.6666666666667
   1     0.6666666666667    0.3333333333333    0.8333333333333
   1     0.8333333333333    0.3333333333333    0.6666666666667
   1     0.6666666666667    0.8333333333333    0.0000000000000
   1     0.6666666666667    0.6666666666667    0.1666666666667
   1     0.8333333333333    0.6666666666667    0.0000000000000
   1     0.6666666666667    0.8333333333333    0.3333333333333
   1     0.6666666666667    0.6666666666667    0.5000000000000
   1     0.8333333333333    0.6666666666667    0.3333333333333
   1     0.6666666666667    0.8333333333333    0.6666666666667
   1     0.6666666666667    0.6666666666667    0.8333333333333
   1     0.8333333333333    0.6666666666667    0.6666666666667
   2     0.1666666666667    0.1666666666667    0.1666666666667
   2     0.1666666666667    0.1666666666667    0.5000000000000
   2     0.1666666666667    0.1666666666667    0.8333333333333
   2     0.1666666666667    0.5000000000000    0.1666666666667
   2     0.1666666666667    0.5000000000000    0.5000000000000
   2     0.1666666666667    0.5000000000000    0.8333333333333
   2     0.1666666666667    0.8333333333333    0.1666666666667
   2     0.1666666666667    0.8333333333333    0.5000000000000
   2     0.1666666666667    0.8333333333333    0.8333333333333
   2     0.5000000000000    0.1666666666667    0.1666666666667
   2     0.5000000000000    0.1666666666667    0.5000000000000
   2     0.5000000000000    0.1666666666667    0.8333333333333
   2     0.5000000000000    0.5000000000000    0.1666666666667
   2     0.5000000000000    0.5000000000000    0.5000000000000
   2     0.5000000000000    0.5000000000000    0.8333333333333
   2     0.5000000000000    0.8333333333333    0.1666666666667
   2     0.5000000000000    0.8333333333333    0.5000000000000
   2     0.5000000000000    0.8333333333333    0.8333333333333
   2     0.8333333333333    0.1666666666667    0.1666666666667
   2     0.8333333333333    0.1666666666667    0.5000000000000
   2     0.8333333333333    0.1666666666667    0.8333333333333
   2     0.8333333333333    0.5000000000000    0.1666666666667
   2     0.8333333333333    0.5000000000000    0.5000000000000
   2     0.8333333333333    0.5000000000000    0.8333333333333
   2     0.8333333333333    0.8333333333333    0.1666666666667
   2     0.8333333333333    0.8333333333333    0.5000000000000
   2     0.8333333333333    0.8333333333333    0.8333333333333
   3     0.0000000000000    0.0000000000000    0.0000000000000
   3     0.0000000000000    0.0000000000000    0.3333333333333
   3     0.0000000000000    0.0000000000000    0.6666666666667
   3     0.0000000000000    0.3333333333333    0.0000000000000
   3     0.0000000000000    0.3333333333333    0.3333333333333
   3     0.0000000000000    0.3333333333333    0.6666666666667
   3     0.0000000000000    0.6666666666667    0.0000000000000
   3     0.0000000000000    0.6666666666667    0.3333333333333
   3     0.0000000000000    0.6666666666667    0.6666666666667
   3     0.3333333333333    0.0000000000000    0.0000000000000
   3     0.3333333333333    0.0000000000000    0.3333333333333
   3     0.3333333333333    0.0000000000000    0.6666666666667
   3     0.3333333333333    0.3333333333333    0.0000000000000
   3     0.3333333333333    0.3333333333333    0.3333333333333
   3     0.3333333333333    0.3333333333333    0.6666666666667
   3     0.3333333333333    0.6666666666667    0.0000000000000
   3     0.3333333333333    0.6666666666667    0.3333333333333
   3     0.3333333333333    0.6666666666667    0.6666666666667
   3     0.6666666666667    0.0000000000000    0.0000000000000
   3     0.6666666666667    0.0000000000000    0.3333333333333
   3     0.6666666666667    0.0000000000000    0.6666666666667
   3     0.6666666666667    0.3333333333333    0.0000000000000
   3     0.6666666666667    0.3333333333333    0.3333333333333
   3     0.6666666666667    0.3333333333333    0.6666666666667
   3     0.6666666666667    0.6666666666667    0.0000000000000
   3     0.6666666666667    0.6666666666667    0.3333333333333
   3     0.6666666666667    0.6666666666667    0.6666666666667
/
