&general
    kd = Na Cl
    mode = optimize
    nat = 64
    nkd = 2
    prefix = NaCl
    tolerance = 1.8897259886e-05
/
&interaction
    nbody = 2 3
    norder = 2
/
&cell
    1.0000000000000
   21.1724959593806    0.0000000000000    0.0000000000000
    0.0000000000000   21.1724959593806    0.0000000000000
    0.0000000000000    0.0000000000000   21.1724959593806
/
&cutoff
      Na-Na  None    9.1698494072981 
      Na-Cl  None    9.1698494072981 
      Cl-Na  None    9.1698494072981 
      Cl-Cl  None    9.1698494072981 
/
&optimize
    dfset = ../../result/DFSET.cube_fd
    fc2xml = ../../harm/force/NaCl.xml
/
&position
   1     0.0000000000000    0.0000000000000    0.0000000000000
   1     0.2500000000000    0.2500000000000    0.0000000000000
   1     0.2500000000000    0.0000000000000    0.2500000000000
   1     0.0000000000000    0.2500000000000    0.2500000000000
   1     0.0000000000000    0.0000000000000    0.5000000000000
   1     0.2500000000000    0.2500000000000    0.5000000000000
   1     0.2500000000000    0.0000000000000    0.7500000000000
   1     0.0000000000000    0.2500000000000    0.7500000000000
   1     0.0000000000000    0.5000000000000    0.0000000000000
   1     0.2500000000000    0.7500000000000    0.0000000000000
   1     0.2500000000000    0.5000000000000    0.2500000000000
   1     0.0000000000000    0.7500000000000    0.2500000000000
   1     0.0000000000000    0.5000000000000    0.5000000000000
   1     0.2500000000000    0.7500000000000    0.5000000000000
   1     0.2500000000000    0.5000000000000    0.7500000000000
   1     0.0000000000000    0.7500000000000    0.7500000000000
   1     0.5000000000000    0.0000000000000    0.0000000000000
   1     0.7500000000000    0.2500000000000    0.0000000000000
   1     0.7500000000000    0.0000000000000    0.2500000000000
   1     0.5000000000000    0.2500000000000    0.2500000000000
   1     0.5000000000000    0.0000000000000    0.5000000000000
   1     0.7500000000000    0.2500000000000    0.5000000000000
   1     0.7500000000000    0.0000000000000    0.7500000000000
   1     0.5000000000000    0.2500000000000    0.7500000000000
   1     0.5000000000000    0.5000000000000    0.0000000000000
   1     0.7500000000000    0.7500000000000    0.0000000000000
   1     0.7500000000000    0.5000000000000    0.2500000000000
   1     0.5000000000000    0.7500000000000    0.2500000000000
   1     0.5000000000000    0.5000000000000    0.5000000000000
   1     0.7500000000000    0.7500000000000    0.5000000000000
   1     0.7500000000000    0.5000000000000    0.7500000000000
   1     0.5000000000000    0.7500000000000    0.7500000000000
   2     0.2500000000000    0.2500000000000    0.2500000000000
   2     0.0000000000000    0.0000000000000    0.2500000000000
   2     0.0000000000000    0.2500000000000    0.0000000000000
   2     0.2500000000000    0.0000000000000    0.0000000000000
   2     0.2500000000000    0.2500000000000    0.7500000000000
   2     0.0000000000000    0.0000000000000    0.7500000000000
   2     0.0000000000000    0.2500000000000    0.5000000000000
   2     0.2500000000000    0.0000000000000    0.5000000000000
   2     0.2500000000000    0.7500000000000    0.2500000000000
   2     0.0000000000000    0.5000000000000    0.2500000000000
   2     0.0000000000000    0.7500000000000    0.0000000000000
   2     0.2500000000000    0.5000000000000    0.0000000000000
   2     0.2500000000000    0.7500000000000    0.7500000000000
   2     0.0000000000000    0.5000000000000    0.7500000000000
   2     0.0000000000000    0.7500000000000    0.5000000000000
   2     0.2500000000000    0.5000000000000    0.5000000000000
   2     0.7500000000000    0.2500000000000    0.2500000000000
   2     0.5000000000000    0.0000000000000    0.2500000000000
   2     0.5000000000000    0.2500000000000    0.0000000000000
   2     0.7500000000000    0.0000000000000    0.0000000000000
   2     0.7500000000000    0.2500000000000    0.7500000000000
   2     0.5000000000000    0.0000000000000    0.7500000000000
   2     0.5000000000000    0.2500000000000    0.5000000000000
   2     0.7500000000000    0.0000000000000    0.5000000000000
   2     0.7500000000000    0.7500000000000    0.2500000000000
   2     0.5000000000000    0.5000000000000    0.2500000000000
   2     0.5000000000000    0.7500000000000    0.0000000000000
   2     0.7500000000000    0.5000000000000    0.0000000000000
   2     0.7500000000000    0.7500000000000    0.7500000000000
   2     0.5000000000000    0.5000000000000    0.7500000000000
   2     0.5000000000000    0.7500000000000    0.5000000000000
   2     0.7500000000000    0.5000000000000    0.5000000000000
/
