   5.7293227600000   -0.0000000000000   -0.0000000000000 
   0.0000000000000    5.7293227600000   -0.0000000000000 
   0.0000000000000    0.0000000000000    5.7293227600000 
  -1.7033272700000    0.0000000000000   -0.0000000000000 
   0.0000000000000   -6.7480800700000    0.0000000000000 
  -0.0000000000000   -0.0000000000000   -1.7033272700000 
  -1.7033272700000    0.0000000000000    0.0000000000000 
   0.0000000000000   -1.7033272700000    0.0000000000000 
  -0.0000000000000    0.0000000000000   -6.7480800700000 
  -6.7480800700000    0.0000000000000    0.0000000000000 
   0.0000000000000   -1.7033272700000   -0.0000000000000 
  -0.0000000000000   -0.0000000000000   -1.7033272700000 
   1.1683199000000    0.0000000000000   -0.0000000000000 
  -0.0000000000000    1.1683199000000   -0.0000000000000 
  -0.0000000000000   -0.0000000000000    1.1683199000000 
   8.9864147200000   -0.0000000000000   -0.0000000000000 
  -0.0000000000000    8.9864147200000    0.0000000000000 
  -0.0000000000000   -0.0000000000000    8.9864147200000 
