&general
    kd = Si
    mode = optimize
    nat = 64
    nkd = 1
    prefix = Si
/
&interaction
    nbody = 2 3
    norder = 2
/
&cell
    1.0000000000000
   20.5397060114765   -0.0000000000000   -0.0000000000000
   -0.0000000000000   20.5397060114765    0.0000000000000
    0.0000000000000    0.0000000000000   20.5397060114765
/
&cutoff
      Si-Si  None    8.1258217527000 
/
&optimize
    dfset = ../../result/DFSET.cube_fd
    fc2xml = ../../result/FC2.xml
/
&position
   1     0.2500000000000    0.2500000000000    0.2500000000000
   1     0.7500000000000    0.2500000000000    0.2500000000000
   1     0.2500000000000    0.7500000000000    0.2500000000000
   1     0.7500000000000    0.7500000000000    0.2500000000000
   1     0.2500000000000    0.2500000000000    0.7500000000000
   1     0.7500000000000    0.2500000000000    0.7500000000000
   1     0.2500000000000    0.7500000000000    0.7500000000000
   1     0.7500000000000    0.7500000000000    0.7500000000000
   1     0.2500000000000    0.0000000000000    0.0000000000000
   1     0.7500000000000    0.0000000000000    0.0000000000000
   1     0.2500000000000    0.5000000000000    0.0000000000000
   1     0.7500000000000    0.5000000000000    0.0000000000000
   1     0.2500000000000    0.0000000000000    0.5000000000000
   1     0.7500000000000    0.0000000000000    0.5000000000000
   1     0.2500000000000    0.5000000000000    0.5000000000000
   1     0.7500000000000    0.5000000000000    0.5000000000000
   1     0.0000000000000    0.2500000000000    0.0000000000000
   1     0.5000000000000    0.2500000000000    0.0000000000000
   1     0.0000000000000    0.7500000000000    0.0000000000000
   1     0.5000000000000    0.7500000000000    0.0000000000000
   1     0.0000000000000    0.2500000000000    0.5000000000000
   1     0.5000000000000    0.2500000000000    0.5000000000000
   1     0.0000000000000    0.7500000000000    0.5000000000000
   1     0.5000000000000    0.7500000000000    0.5000000000000
   1     0.0000000000000    0.0000000000000    0.2500000000000
   1     0.5000000000000    0.0000000000000    0.2500000000000
   1     0.0000000000000    0.5000000000000    0.2500000000000
   1     0.5000000000000    0.5000000000000    0.2500000000000
   1     0.0000000000000    0.0000000000000    0.7500000000000
   1     0.5000000000000    0.0000000000000    0.7500000000000
   1     0.0000000000000    0.5000000000000    0.7500000000000
   1     0.5000000000000    0.5000000000000    0.7500000000000
   1     0.3750000000000    0.3750000000000    0.3750000000000
   1     0.8750000000000    0.3750000000000    0.3750000000000
   1     0.3750000000000    0.8750000000000    0.3750000000000
   1     0.8750000000000    0.8750000000000    0.3750000000000
   1     0.3750000000000    0.3750000000000    0.8750000000000
   1     0.8750000000000    0.3750000000000    0.8750000000000
   1     0.3750000000000    0.8750000000000    0.8750000000000
   1     0.8750000000000    0.8750000000000    0.8750000000000
   1     0.3750000000000    0.1250000000000    0.1250000000000
   1     0.8750000000000    0.1250000000000    0.1250000000000
   1     0.3750000000000    0.6250000000000    0.1250000000000
   1     0.8750000000000    0.6250000000000    0.1250000000000
   1     0.3750000000000    0.1250000000000    0.6250000000000
   1     0.8750000000000    0.1250000000000    0.6250000000000
   1     0.3750000000000    0.6250000000000    0.6250000000000
   1     0.8750000000000    0.6250000000000    0.6250000000000
   1     0.1250000000000    0.3750000000000    0.1250000000000
   1     0.6250000000000    0.3750000000000    0.1250000000000
   1     0.1250000000000    0.8750000000000    0.1250000000000
   1     0.6250000000000    0.8750000000000    0.1250000000000
   1     0.1250000000000    0.3750000000000    0.6250000000000
   1     0.6250000000000    0.3750000000000    0.6250000000000
   1     0.1250000000000    0.8750000000000    0.6250000000000
   1     0.6250000000000    0.8750000000000    0.6250000000000
   1     0.1250000000000    0.1250000000000    0.3750000000000
   1     0.6250000000000    0.1250000000000    0.3750000000000
   1     0.1250000000000    0.6250000000000    0.3750000000000
   1     0.6250000000000    0.6250000000000    0.3750000000000
   1     0.1250000000000    0.1250000000000    0.8750000000000
   1     0.6250000000000    0.1250000000000    0.8750000000000
   1     0.1250000000000    0.6250000000000    0.8750000000000
   1     0.6250000000000    0.6250000000000    0.8750000000000
/
