&general
    kd = O K Ta
    mode = suggest
    nat = 135
    nkd = 3
    prefix = KTaO3
/
&interaction
    nbody = 2 3
    norder = 2
/
&cell
    1.0000000000000
   22.6202632180425    0.0000000000000    0.0000000000000
    0.0000000000000   22.6202632180425    0.0000000000000
    0.0000000000000    0.0000000000000   22.6202632180425
/
&cutoff
        O-O  None    8.1258390000000 
       O-Ta  None    8.1258390000000 
        O-K  None    8.1258390000000 
       Ta-O  None    8.1258390000000 
      Ta-Ta  None    8.1258390000000 
       Ta-K  None    8.1258390000000 
        K-O  None    8.1258390000000 
       K-Ta  None    8.1258390000000 
        K-K  None    8.1258390000000 
/
&optimize
/
&position
   1     0.0000000000000    0.1666666666667    0.0000000000000
   1     0.0000000000000    0.0000000000000    0.1666666666667
   1     0.1666666666667    0.0000000000000    0.0000000000000
   1     0.0000000000000    0.1666666666667    0.3333333333333
   1     0.0000000000000    0.0000000000000    0.5000000000000
   1     0.1666666666667    0.0000000000000    0.3333333333333
   1     0.0000000000000    0.1666666666667    0.6666666666667
   1     0.0000000000000    0.0000000000000    0.8333333333333
   1     0.1666666666667    0.0000000000000    0.6666666666667
   1     0.0000000000000    0.5000000000000    0.0000000000000
   1     0.0000000000000    0.3333333333333    0.1666666666667
   1     0.1666666666667    0.3333333333333    0.0000000000000
   1     0.0000000000000    0.5000000000000    0.3333333333333
   1     0.0000000000000    0.3333333333333    0.5000000000000
   1     0.1666666666667    0.3333333333333    0.3333333333333
   1     0.0000000000000    0.5000000000000    0.6666666666667
   1     0.0000000000000    0.3333333333333    0.8333333333333
   1     0.1666666666667    0.3333333333333    0.6666666666667
   1     0.0000000000000    0.8333333333333    0.0000000000000
   1     0.0000000000000    0.6666666666667    0.1666666666667
   1     0.1666666666667    0.6666666666667    0.0000000000000
   1     0.0000000000000    0.8333333333333    0.3333333333333
   1     0.0000000000000    0.6666666666667    0.5000000000000
   1     0.1666666666667    0.6666666666667    0.3333333333333
   1     0.0000000000000    0.8333333333333    0.6666666666667
   1     0.0000000000000    0.6666666666667    0.8333333333333
   1     0.1666666666667    0.6666666666667    0.6666666666667
   1     0.3333333333333    0.1666666666667    0.0000000000000
   1     0.3333333333333    0.0000000000000    0.1666666666667
   1     0.5000000000000    0.0000000000000    0.0000000000000
   1     0.3333333333333    0.1666666666667    0.3333333333333
   1     0.3333333333333    0.0000000000000    0.5000000000000
   1     0.5000000000000    0.0000000000000    0.3333333333333
   1     0.3333333333333    0.1666666666667    0.6666666666667
   1     0.3333333333333    0.0000000000000    0.8333333333333
   1     0.5000000000000    0.0000000000000    0.6666666666667
   1     0.3333333333333    0.5000000000000    0.0000000000000
   1     0.3333333333333    0.3333333333333    0.1666666666667
   1     0.5000000000000    0.3333333333333    0.0000000000000
   1     0.3333333333333    0.5000000000000    0.3333333333333
   1     0.3333333333333    0.3333333333333    0.5000000000000
   1     0.5000000000000    0.3333333333333    0.3333333333333
   1     0.3333333333333    0.5000000000000    0.6666666666667
   1     0.3333333333333    0.3333333333333    0.8333333333333
   1     0.5000000000000    0.3333333333333    0.6666666666667
   1     0.3333333333333    0.8333333333333    0.0000000000000
   1     0.3333333333333    0.6666666666667    0.1666666666667
   1     0.5000000000000    0.6666666666667    0.0000000000000
   1     0.3333333333333    0.8333333333333    0.3333333333333
   1     0.3333333333333    0.6666666666667    0.5000000000000
   1     0.5000000000000    0.6666666666667    0.3333333333333
   1     0.3333333333333    0.8333333333333    0.6666666666667
   1     0.3333333333333    0.6666666666667    0.8333333333333
   1     0.5000000000000    0.6666666666667    0.6666666666667
   1     0.6666666666667    0.1666666666667    0.0000000000000
   1     0.6666666666667    0.0000000000000    0.1666666666667
   1     0.8333333333333    0.0000000000000    0.0000000000000
   1     0.6666666666667    0.1666666666667    0.3333333333333
   1     0.6666666666667    0.0000000000000    0.5000000000000
   1     0.8333333333333    0.0000000000000    0.3333333333333
   1     0.6666666666667    0.1666666666667    0.6666666666667
   1     0.6666666666667    0.0000000000000    0.8333333333333
   1     0.8333333333333    0.0000000000000    0.6666666666667
   1     0.6666666666667    0.5000000000000    0.0000000000000
   1     0.6666666666667    0.3333333333333    0.1666666666667
   1     0.8333333333333    0.3333333333333    0.0000000000000
   1     0.6666666666667    0.5000000000000    0.3333333333333
   1     0.6666666666667    0.3333333333333    0.5000000000000
   1     0.8333333333333    0.3333333333333    0.3333333333333
   1     0.6666666666667    0.5000000000000    0.6666666666667
   1     0.6666666666667    0.3333333333333    0.8333333333333
   1     0.8333333333333    0.3333333333333    0.6666666666667
   1     0.6666666666667    0.8333333333333    0.0000000000000
   1     0.6666666666667    0.6666666666667    0.1666666666667
   1     0.8333333333333    0.6666666666667    0.0000000000000
   1     0.6666666666667    0.8333333333333    0.3333333333333
   1     0.6666666666667    0.6666666666667    0.5000000000000
   1     0.8333333333333    0.6666666666667    0.3333333333333
   1     0.6666666666667    0.8333333333333    0.6666666666667
   1     0.6666666666667    0.6666666666667    0.8333333333333
   1     0.8333333333333    0.6666666666667    0.6666666666667
   2     0.1666666666667    0.1666666666667    0.1666666666667
   2     0.1666666666667    0.1666666666667    0.5000000000000
   2     0.1666666666667    0.1666666666667    0.8333333333333
   2     0.1666666666667    0.5000000000000    0.1666666666667
   2     0.1666666666667    0.5000000000000    0.5000000000000
   2     0.1666666666667    0.5000000000000    0.8333333333333
   2     0.1666666666667    0.8333333333333    0.1666666666667
   2     0.1666666666667    0.8333333333333    0.5000000000000
   2     0.1666666666667    0.8333333333333    0.8333333333333
   2     0.5000000000000    0.1666666666667    0.1666666666667
   2     0.5000000000000    0.1666666666667    0.5000000000000
   2     0.5000000000000    0.1666666666667    0.8333333333333
   2     0.5000000000000    0.5000000000000    0.1666666666667
   2     0.5000000000000    0.5000000000000    0.5000000000000
   2     0.5000000000000    0.5000000000000    0.8333333333333
   2     0.5000000000000    0.8333333333333    0.1666666666667
   2     0.5000000000000    0.8333333333333    0.5000000000000
   2     0.5000000000000    0.8333333333333    0.8333333333333
   2     0.8333333333333    0.1666666666667    0.1666666666667
   2     0.8333333333333    0.1666666666667    0.5000000000000
   2     0.8333333333333    0.1666666666667    0.8333333333333
   2     0.8333333333333    0.5000000000000    0.1666666666667
   2     0.8333333333333    0.5000000000000    0.5000000000000
   2     0.8333333333333    0.5000000000000    0.8333333333333
   2     0.8333333333333    0.8333333333333    0.1666666666667
   2     0.8333333333333    0.8333333333333    0.5000000000000
   2     0.8333333333333    0.8333333333333    0.8333333333333
   3     0.0000000000000    0.0000000000000    0.0000000000000
   3     0.0000000000000    0.0000000000000    0.3333333333333
   3     0.0000000000000    0.0000000000000    0.6666666666667
   3     0.0000000000000    0.3333333333333    0.0000000000000
   3     0.0000000000000    0.3333333333333    0.3333333333333
   3     0.0000000000000    0.3333333333333    0.6666666666667
   3     0.0000000000000    0.6666666666667    0.0000000000000
   3     0.0000000000000    0.6666666666667    0.3333333333333
   3     0.0000000000000    0.6666666666667    0.6666666666667
   3     0.3333333333333    0.0000000000000    0.0000000000000
   3     0.3333333333333    0.0000000000000    0.3333333333333
   3     0.3333333333333    0.0000000000000    0.6666666666667
   3     0.3333333333333    0.3333333333333    0.0000000000000
   3     0.3333333333333    0.3333333333333    0.3333333333333
   3     0.3333333333333    0.3333333333333    0.6666666666667
   3     0.3333333333333    0.6666666666667    0.0000000000000
   3     0.3333333333333    0.6666666666667    0.3333333333333
   3     0.3333333333333    0.6666666666667    0.6666666666667
   3     0.6666666666667    0.0000000000000    0.0000000000000
   3     0.6666666666667    0.0000000000000    0.3333333333333
   3     0.6666666666667    0.0000000000000    0.6666666666667
   3     0.6666666666667    0.3333333333333    0.0000000000000
   3     0.6666666666667    0.3333333333333    0.3333333333333
   3     0.6666666666667    0.3333333333333    0.6666666666667
   3     0.6666666666667    0.6666666666667    0.0000000000000
   3     0.6666666666667    0.6666666666667    0.3333333333333
   3     0.6666666666667    0.6666666666667    0.6666666666667
/
